{
  "tag124": {
    "resource": "package://pr_ordata/data/objects/plastic_glass.urdf",
    "name": "plastic_glass",
    "offset": [
      [
        -0.0068393994632501,
        -0.09054787493933,
        -0.99586861832219,
        0.14460904118031
        ]
      ,
      [   
        -0.9999766064057,
        0.00052349074982687,
        0.0068200145734176,
        -0.00097599685803373
        ]
      ,
      [     
        -9.6209816943679e-5,
        0.99589196617977,
        -0.090549337061432,
        -0.033644917605727
      ]
      ,
      [
        0,
        0,
        0,
        1
      ]
    ]
  },
"tag1": {
    "resource": "plastic_glass.kinbody.xml",
    "name": "plastic_glass2",
    "offset": [
      [
        -0.9999956354637936, 
        0.00017159596380951532, 
        0.0029495098217266393, 
        -0.0012885475890698178
      ], 
      [
        0.0029529310436017175, 
        0.09054915097111371, 
        0.995887609851966, 
        -0.14461510086945228
      ], 
      [
        -9.618531587980501e-05, 
        0.9958919729635517, 
        -0.0905492624771141, 
        -0.03364494935585822
      ], 
      [
        0.0, 
        0.0, 
        0.0, 
        1.0
      ]
    ]
  },
  "tag114": {
    "resource": "package://pr_ordata/data/objects/plastic_bowl.urdf",
    "name": "plastic_bowl",
    "offset": [
       [
        0.63219781817763,
        2.2089456246376e-8,
        -0.7748070202905,
        0.077735372899331
       ]
      ,
       [
        2.171491518926e-8,
        1,
        4.6227740989633e-8,
        -1.0485652081759e-9
        ]
      ,
       [
        0.7748070202905,
        -4.6049945726578e-8,
        0.63219781817763,
        0.014518309269535
       ]
      ,
       [
        0,
        0,
        0,
        1
      ]
    ]
  },
  "tag127": {
    "resource": "package://pr_ordata/data/furniture/table.urdf", 
    "name": "table",
    "offset": [
       [
        1.0, 
        0.0, 
        0.0, 
        -2.0489096641540527e-08
       ]
      , 
       [
        0.0, 
        1.0, 
        0.0, 
        -0.3483833968639374
       ]
      , 
       [ 
        0.0, 
        0.0, 
        1.0, 
        -0.7350000143051147
       ]
      , 
       [ 
        0.0, 
        0.0, 
        0.0, 
        1.0
       ]
    ] 
}
}
