{"tag124": ["plastic_glass.kinbody.xml", [[-0.006839399463250124, -0.09054787493933043, -0.9958686183221929, 0.14460904118031417], [-0.9999766064056965, 0.0005234907498268693, 0.006820014573417582, -0.0009759968580337269], [-9.620981694367947e-05, 0.9958919661797692, -0.09054933706143248, -0.033644917605727034], [0.0, 0.0, 0.0, 1.0]]], "tag127": ["table.kinbody.xml", [[1.0, 0.0, 0.0, -2.0489096641540527e-08], [0.0, 0.0, -1.0, -0.3483833968639374], [0.0, 1.0, 0.0, -0.7350000143051147], [0.0, 0.0, 0.0, 1.0]]], "tag113": ["wicker_tray.kinbody.xml", [[0.3093775233580251, 0.054542248448307, -0.9493738416319768, 0.07591455481120435], [-0.016315042230193477, 0.9985112751756609, 0.052048561402814546, -0.005101805301441552], [0.9507993307937704, -0.0006135807026841543, 0.30980680444567327, 0.1822757880488147], [0.0, 0.0, 0.0, 1.0]]], "tag114": ["plastic_bowl.kinbody.xml", [[0.6321978181776339, 2.208945624637608e-08, -0.7748070202904971, 0.0777353728993308], [2.1714915189259767e-08, 0.9999999999999987, 4.6227740989633e-08, -1.0485652081759201e-09], [0.7748070202904973, -4.604994572657798e-08, 0.6321978181776325, 0.014518309269534827], [0.0, 0.0, 0.0, 1.0]]], "tag144": ["plastic_plate.kinbody.xml", [[1.0, 0.0, 0.0, 0.0], [0.0, 1.0, 0.0, 0.0], [0.0, 0.0, 1.0, -0.00461190938949585], [0.0, 0.0, 0.0, 1.0]]]}