{
  "tag124": [
    "plastic_glass.kinbody.xml", 
    [
      [
        -0.006839399463250124, 
        -0.09054787493933043, 
        -0.9958686183221929, 
        0.14460904118031417
      ], 
      [
        -0.9999766064056965, 
        0.0005234907498268693, 
        0.006820014573417582, 
        -0.0009759968580337269
      ], 
      [
        -9.620981694367947e-05, 
        0.9958919661797692, 
        -0.09054933706143248, 
        -0.033644917605727034
      ], 
      [
        0.0, 
        0.0, 
        0.0, 
        1.0
      ]
    ]
  ], 
  "tag127": [
    "table.kinbody.xml", 
    [
      [
        1.0, 
        0.0, 
        0.0, 
        -2.0489096641540527e-08
      ], 
      [
        0.0, 
        0.0, 
        -1.0, 
        -0.3483833968639374
      ], 
      [
        0.0, 
        1.0, 
        0.0, 
        -0.7350000143051147
      ], 
      [
        0.0, 
        0.0, 
        0.0, 
        1.0
      ]
    ]
  ], 
  "tag113": [
    "wicker_tray.kinbody.xml", 
    [
      [
        0.1991323400907672, 
        -6.222439575833033e-10, 
        -0.9799726073365393, 
        0.08772121985303549
      ], 
      [
        -1.1550376819251623e-08, 
        0.9999999999999999, 
        -2.9820195999901684e-09, 
        0.0005852176144726779
      ], 
      [
        0.979972607336539, 
        1.1912869428424113e-08, 
        0.19913234009076708, 
        0.19972941869529995
      ], 
      [
        0.0, 
        0.0, 
        0.0, 
        1.0
      ]
    ]
  ], 
  "tag114": [
    "plastic_bowl.kinbody.xml", 
    [
      [
        0.6321978181776339, 
        2.208945624637608e-08, 
        -0.7748070202904971, 
        0.0777353728993308
      ], 
      [
        2.1714915189259767e-08, 
        0.9999999999999987, 
        4.6227740989633e-08, 
        -1.0485652081759201e-09
      ], 
      [
        0.7748070202904973, 
        -4.604994572657798e-08, 
        0.6321978181776325, 
        0.014518309269534827
      ], 
      [
        0.0, 
        0.0, 
        0.0, 
        1.0
      ]
    ]
  ], 
  "tag128": [
    "wooden_table.kinbody.xml", 
    [
      [
        1.0, 
        0.0, 
        0.0, 
        -0.3669039011001587
      ], 
      [
        0.0, 
        1.0, 
        0.0, 
        0.0
      ], 
      [
        0.0, 
        0.0, 
        1.0, 
        -0.7203026413917542
      ], 
      [
        0.0, 
        0.0, 
        0.0, 
        1.0
      ]
    ]
  ], 
  "tag150": [
    "large_white_box.kinbody.xml", 
    [
      [
        -2.7711225462750727e-47, 
        -5.264145273712602e-24, 
        -1.0, 
        0.18443432903597862
      ], 
      [
        5.264145273712602e-24, 
        1.0, 
        -5.264145273712602e-24, 
        6.971534751599949e-25
      ], 
      [
        1.0, 
        -5.264145273712602e-24, 
        0.0, 
        -0.0520000091656862
      ], 
      [
        0.0, 
        0.0, 
        0.0, 
        1.0
      ]
    ]
  ], 
  "tag144": [
    "plastic_plate.kinbody.xml", 
    [
      [
        1.0, 
        0.0, 
        0.0, 
        0.0
      ], 
      [
        0.0, 
        1.0, 
        0.0, 
        0.0
      ], 
      [
        0.0, 
        0.0, 
        1.0, 
        -0.00461190938949585
      ], 
      [
        0.0, 
        0.0, 
        0.0, 
        1.0
      ]
    ]
  ],
  "tag145": [
    "toyota_silver_microwave.kinbody.xml", 
    [
      [
        -0.018991346416024537, 
        0.0007008814356813478, 
        -0.9998194024555231, 
        0.23521965798044367
      ], 
      [
        0.0014914037108694482, 
        0.999998661608598, 
        0.0006726782171426331, 
        0.1940688486549421
      ], 
      [
        0.9998185357735059, 
        -0.001478359301973172, 
        -0.018992366295343885, 
        -0.13916620809036587
      ], 
      [
        0.0, 
        0.0, 
        0.0, 
        1.0
      ]
    ]
  ]
}
