{
  "tag124": [
    "plastic_glass.kinbody.xml", 
    [
      [
        -0.006839399463250124, 
        -0.09054787493933043, 
        -0.9958686183221929, 
        0.14460904118031417
      ], 
      [
        -0.9999766064056965, 
        0.0005234907498268693, 
        0.006820014573417582, 
        -0.0009759968580337269
      ], 
      [
        -9.620981694367947e-05, 
        0.9958919661797692, 
        -0.09054933706143248, 
        -0.033644917605727034
      ], 
      [
        0.0, 
        0.0, 
        0.0, 
        1.0
      ]
    ]
  ], 
  "tag127": [
    "table.kinbody.xml", 
    [
      [
        1.0, 
        0.0, 
        0.0, 
        -2.0489096641540527e-08
      ], 
      [
        0.0, 
        0.0, 
        -1.0, 
        -0.3483833968639374
      ], 
      [
        0.0, 
        1.0, 
        0.0, 
        -0.7350000143051147
      ], 
      [
        0.0, 
        0.0, 
        0.0, 
        1.0
      ]
    ]
  ], 
  "tag113": [
    "wicker_tray.kinbody.xml", 
    [
      [
        0.1991323400907672, 
        -6.222439575833033e-10, 
        -0.9799726073365393, 
        0.08772121985303549
      ], 
      [
        -1.1550376819251623e-08, 
        0.9999999999999999, 
        -2.9820195999901684e-09, 
        0.0005852176144726779
      ], 
      [
        0.979972607336539, 
        1.1912869428424113e-08, 
        0.19913234009076708, 
        0.19972941869529995
      ], 
      [
        0.0, 
        0.0, 
        0.0, 
        1.0
      ]
    ]
  ], 
  "tag0": [
    "frame.kinbody.xml", 
    [
      [
        -0.9998449926664195, 
        0.00149849536571681, 
        0.01754266660248949, 
        -0.13370337513994468
      ], 
      [
        -0.0017253732521964123, 
        -0.9999149809452348, 
        -0.012924935915941956, 
        0.0219538268738536
      ], 
      [
        0.01752180718498466, 
        -0.012953200103817062, 
        0.9997625722540542, 
        -0.01696660082271004
      ], 
      [
        0.0, 
        0.0, 
        0.0, 
        1.0
      ]
    ]
  ], 
  "tag1": [
    "plastic_glass.kinbody.xml", 
    [
      [
        -0.9999956354637936, 
        0.00017159596380951532, 
        0.0029495098217266393, 
        -0.0012885475890698178
      ], 
      [
        0.0029529310436017175, 
        0.09054915097111371, 
        0.995887609851966, 
        -0.14461510086945228
      ], 
      [
        -9.618531587980501e-05, 
        0.9958919729635517, 
        -0.0905492624771141, 
        -0.03364494935585822
      ], 
      [
        0.0, 
        0.0, 
        0.0, 
        1.0
      ]
    ]
  ], 
  "tag2": [
    "rubbermaid_ice_guard_pitcher.kinbody.xml", 
    [
      [
        0.03222657188582214, 
        -0.9992538597713374, 
        0.021287832124770537, 
        0.014710012984236343
      ], 
      [
        -0.03877971419405384, 
        0.020032753904403674, 
        0.9990469571236545, 
        -0.19735163223797153
      ], 
      [
        -0.9987279819007353, 
        -0.03302139462666701, 
        -0.03810519210546642, 
        -0.061060489093476535
      ], 
      [
        0.0, 
        0.0, 
        0.0, 
        1.0
      ]
    ]
  ], 
  "tag5": [
    "box.kinbody.xml", 
    [
      [
        1.0, 
        0.0, 
        0.0, 
        -6.05359673500061e-08
      ], 
      [
        0.0, 
        0.010066057162220532, 
        -0.9999493359631811, 
        -0.014006291791992477
      ], 
      [
        0.0, 
        0.999949335963181, 
        0.010066057162220532, 
        -0.1472472250440579
      ], 
      [
        0.0, 
        0.0, 
        0.0, 
        1.0
      ]
    ]
  ], 
  "tag8": [
    "box.kinbody.xml", 
    [
      [
        1.0, 
        0.0, 
        0.0, 
        -6.05359673500061e-08
      ], 
      [
        0.0, 
        0.010066057162220532, 
        -0.9999493359631811, 
        -0.014006291791992477
      ], 
      [
        0.0, 
        0.999949335963181, 
        0.010066057162220532, 
        -0.1472472250440579
      ], 
      [
        0.0, 
        0.0, 
        0.0, 
        1.0
      ]
    ]
  ], 
  "tag128": [
    "wooden_table.kinbody.xml", 
    [
      [
        1.0, 
        0.0, 
        0.0, 
        -0.3669039011001587
      ], 
      [
        0.0, 
        1.0, 
        0.0, 
        0.0
      ], 
      [
        0.0, 
        0.0, 
        1.0, 
        -0.7203026413917542
      ], 
      [
        0.0, 
        0.0, 
        0.0, 
        1.0
      ]
    ]
  ], 
  "tag9": [
    "box.kinbody.xml", 
    [
      [
        1.0, 
        0.0, 
        0.0, 
        -6.05359673500061e-08
      ], 
      [
        0.0, 
        0.010066057162220532, 
        -0.9999493359631811, 
        -0.014006291791992477
      ], 
      [
        0.0, 
        0.999949335963181, 
        0.010066057162220532, 
        -0.1472472250440579
      ], 
      [
        0.0, 
        0.0, 
        0.0, 
        1.0
      ]
    ]
  ], 
  "tag7": [
    "box.kinbody.xml", 
    [
      [
        1.0, 
        0.0, 
        0.0, 
        -6.05359673500061e-08
      ], 
      [
        0.0, 
        0.010066057162220532, 
        -0.9999493359631811, 
        -0.014006291791992477
      ], 
      [
        0.0, 
        0.999949335963181, 
        0.010066057162220532, 
        -0.1472472250440579
      ], 
      [
        0.0, 
        0.0, 
        0.0, 
        1.0
      ]
    ]
  ], 
  "tag150": [
    "large_white_box.kinbody.xml", 
    [
      [
        -2.7711225462750727e-47, 
        -5.264145273712602e-24, 
        -1.0, 
        0.18443432903597862
      ], 
      [
        5.264145273712602e-24, 
        1.0, 
        -5.264145273712602e-24, 
        6.971534751599949e-25
      ], 
      [
        1.0, 
        -5.264145273712602e-24, 
        0.0, 
        -0.0520000091656862
      ], 
      [
        0.0, 
        0.0, 
        0.0, 
        1.0
      ]
    ]
  ], 
  "tag145": [
    "toyota_silver_microwave.kinbody.xml", 
    [
      [
        -0.018991346416024537, 
        0.0007008814356813478, 
        -0.9998194024555231, 
        0.23521965798044367
      ], 
      [
        0.0014914037108694482, 
        0.999998661608598, 
        0.0006726782171426331, 
        0.1940688486549421
      ], 
      [
        0.9998185357735059, 
        -0.001478359301973172, 
        -0.018992366295343885, 
        -0.13916620809036587
      ], 
      [
        0.0, 
        0.0, 
        0.0, 
        1.0
      ]
    ]
  ], 
  "tag144": [
    "plastic_plate.kinbody.xml", 
    [
      [
        1.0, 
        0.0, 
        0.0, 
        0.0
      ], 
      [
        0.0, 
        1.0, 
        0.0, 
        0.0
      ], 
      [
        0.0, 
        0.0, 
        1.0, 
        -0.00461190938949585
      ], 
      [
        0.0, 
        0.0, 
        0.0, 
        1.0
      ]
    ]
  ], 
  "tag114": [
    "plastic_bowl.kinbody.xml", 
    [
      [
        0.6321978181776339, 
        2.208945624637608e-08, 
        -0.7748070202904971, 
        0.0777353728993308
      ], 
      [
        2.1714915189259767e-08, 
        0.9999999999999987, 
        4.6227740989633e-08, 
        -1.0485652081759201e-09
      ], 
      [
        0.7748070202904973, 
        -4.604994572657798e-08, 
        0.6321978181776325, 
        0.014518309269534827
      ], 
      [
        0.0, 
        0.0, 
        0.0, 
        1.0
      ]
    ]
  ], 
  "tag149": [
    "coffee_jar.kinbody.xml", 
    [
      [
        2.8385806828060097e-06, 
        0.9999946160607501, 
        -0.0032814389305742997, 
        -0.0004595554867331914
      ], 
      [
        -0.0008400344447847097, 
        0.0032814401572934903, 
        0.9999942632298576, 
        -0.03057729618482833
      ], 
      [
        0.9999996471669746, 
        -8.204266835925494e-08, 
        0.0008400392367230889, 
        -0.04736268779743455
      ], 
      [
        0.0, 
        0.0, 
        0.0, 
        1.0
      ]
    ]
  ], 
  "tag6": [
    "box.kinbody.xml", 
    [
      [
        1.0, 
        0.0, 
        0.0, 
        -6.05359673500061e-08
      ], 
      [
        0.0, 
        0.010066057162220532, 
        -0.9999493359631811, 
        -0.014006291791992477
      ], 
      [
        0.0, 
        0.999949335963181, 
        0.010066057162220532, 
        -0.1472472250440579
      ], 
      [
        0.0, 
        0.0, 
        0.0, 
        1.0
      ]
    ]
  ]
}