{
  "tag124": [
    "plastic_glass.kinbody.xml",
    [
      [
        -0.0068393994632501,
        -0.09054787493933,
        -0.99586861832219,
        0.14460904118031
      ],
      [
        -0.9999766064057,
        0.00052349074982687,
        0.0068200145734176,
        -0.00097599685803373
      ],
      [
        -9.6209816943679e-5,
        0.99589196617977,
        -0.090549337061432,
        -0.033644917605727
      ],
      [
        0,
        0,
        0,
        1
      ]
    ]
  ],
  "tag127": [
    "table.kinbody.xml",
    [
      [
        1,
        0,
        0,
        -2.0489096641541e-8
      ],
      [
        0,
        0,
        -1,
        -0.34838339686394
      ],
      [
        0,
        1,
        0,
        -0.73500001430511
      ],
      [
        0,
        0,
        0,
        1
      ]
    ]
  ],
  "tag113": [
    "wicker_tray.kinbody.xml",
    [
      [
        0.19913234009077,
        -6.222439575833e-10,
        -0.97997260733654,
        0.087721219853035
      ],
      [
        -1.1550376819252e-8,
        1,
        -2.9820195999902e-9,
        0.00058521761447268
      ],
      [
        0.97997260733654,
        1.1912869428424e-8,
        0.19913234009077,
        0.1997294186953
      ],
      [
        0,
        0,
        0,
        1
      ]
    ]
  ],
  "tag114": [
    "plastic_bowl.kinbody.xml",
    [
      [
        0.63219781817763,
        2.2089456246376e-8,
        -0.7748070202905,
        0.077735372899331
      ],
      [
        2.171491518926e-8,
        1,
        4.6227740989633e-8,
        -1.0485652081759e-9
      ],
      [
        0.7748070202905,
        -4.6049945726578e-8,
        0.63219781817763,
        0.014518309269535
      ],
      [
        0,
        0,
        0,
        1
      ]
    ]
  ],
  "tag150": [
    "large_white_box.kinbody.xml",
    [
      [
        -2.7711225462751e-47,
        -5.2641452737126e-24,
        -1,
        0.18443432903598
      ],
      [
        5.2641452737126e-24,
        1,
        -5.2641452737126e-24,
        6.9715347515999e-25
      ],
      [
        1,
        -5.2641452737126e-24,
        0,
        -0.052000009165686
      ],
      [
        0,
        0,
        0,
        1
      ]
    ]
  ],
  "tag144": [
    "plastic_plate.kinbody.xml",
    [
      [
        1,
        0,
        0,
        0
      ],
      [
        0,
        1,
        0,
        0
      ],
      [
        0,
        0,
        1,
        -0.0046119093894958
      ],
      [
        0,
        0,
        0,
        1
      ]
    ]
  ]
}
