{"tag5": ["box.kinbody.xml", [[1.0, 0.0, 0.0, -5.21540641784668e-08], [0.0, 0.014300734328520526, -0.9998977392702042, 0.0021981109704899485], [0.0, 0.9998977392702041, 0.014300734328520526, -0.06277509395165147], [0.0, 0.0, 0.0, 1.0]]], "tag127": ["table.kinbody.xml", [[1.0, 0.0, 0.0, -2.0489096641540527e-08], [0.0, 0.0, -1.0, -0.3483833968639374], [0.0, 1.0, 0.0, -0.7350000143051147], [0.0, 0.0, 0.0, 1.0]]], "tag113": ["wicker_tray.kinbody.xml", [[0.1991323400907672, -6.222439575833033e-10, -0.9799726073365393, 0.08772121985303549], [-1.1550376819251623e-08, 0.9999999999999999, -2.9820195999901684e-09, 0.0005852176144726779], [0.979972607336539, 1.1912869428424113e-08, 0.19913234009076708, 0.19972941869529995], [0.0, 0.0, 0.0, 1.0]]], "tag114": ["plastic_bowl.kinbody.xml", [[0.6321978181776339, 2.208945624637608e-08, -0.7748070202904971, 0.0777353728993308], [2.1714915189259767e-08, 0.9999999999999987, 4.6227740989633e-08, -1.0485652081759201e-09], [0.7748070202904973, -4.604994572657798e-08, 0.6321978181776325, 0.014518309269534827], [0.0, 0.0, 0.0, 1.0]]], "tag124": ["plastic_glass.kinbody.xml", [[-0.006839399463250124, -0.09054787493933043, -0.9958686183221929, 0.14460904118031417], [-0.9999766064056965, 0.0005234907498268693, 0.006820014573417582, -0.0009759968580337269], [-9.620981694367947e-05, 0.9958919661797692, -0.09054933706143248, -0.033644917605727034], [0.0, 0.0, 0.0, 1.0]]], "tag8": ["box.kinbody.xml", [[1.0, 0.0, 0.0, -3.725290298461914e-08], [0.0, 0.030113457703654586, -0.9995464869955425, 0.002731637406090743], [0.0, 0.9995464869955424, 0.03011345770365459, -0.06156604381840847], [0.0, 0.0, 0.0, 1.0]]], "tag6": ["box.kinbody.xml", [[1.0, 0.0, 0.0, -2.2351741790771484e-08], [0.0, 0.013249161006826049, -0.9999122260141714, 0.00032130376217008637], [0.0, 0.9999122260141713, 0.013249161006826049, -0.06107580094481646], [0.0, 0.0, 0.0, 1.0]]], "tag9": ["box.kinbody.xml", [[1.0, 0.0, 0.0, -3.725290298461914e-08], [0.0, 0.010066057162220532, -0.9999493359631811, 0.0007011879837810204], [0.0, 0.999949335963181, 0.010066057162220532, -0.05982865797737014], [0.0, 0.0, 0.0, 1.0]]], "tag7": ["box.kinbody.xml", [[1.0, 0.0, 0.0, -2.9802322387695312e-08], [0.0, -0.019852378579001018, -0.9998029221125312, 0.004029263727845161], [0.0, 0.9998029221125312, -0.019852378579001018, -0.06359898924711335], [0.0, 0.0, 0.0, 1.0]]], "tag144": ["plastic_plate.kinbody.xml", [[1.0, 0.0, 0.0, 0.0], [0.0, 1.0, 0.0, 0.0], [0.0, 0.0, 1.0, -0.00461190938949585], [0.0, 0.0, 0.0, 1.0]]]}