{"tag124": ["plastic_glass.kinbody.xml", [[-0.006839399463250124, -0.09054787493933043, -0.9958686183221929, 0.14460904118031417], [-0.9999766064056965, 0.0005234907498268693, 0.006820014573417582, -0.0009759968580337269], [-9.620981694367947e-05, 0.9958919661797692, -0.09054933706143248, -0.033644917605727034], [0.0, 0.0, 0.0, 1.0]]], "tag127": ["table.kinbody.xml", [[1.0, 0.0, 0.0, -2.0489096641540527e-08], [0.0, 0.0, -1.0, -0.3483833968639374], [0.0, 1.0, 0.0, -0.7350000143051147], [0.0, 0.0, 0.0, 1.0]]], "tag113": ["wicker_tray.kinbody.xml", [[0.1991323400907672, -6.222439575833033e-10, -0.9799726073365393, 0.08772121985303549], [-1.1550376819251623e-08, 0.9999999999999999, -2.9820195999901684e-09, 0.0005852176144726779], [0.979972607336539, 1.1912869428424113e-08, 0.19913234009076708, 0.19972941869529995], [0.0, 0.0, 0.0, 1.0]]], "tag114": ["plastic_bowl.kinbody.xml", [[0.6321978181776339, 2.208945624637608e-08, -0.7748070202904971, 0.0777353728993308], [2.1714915189259767e-08, 0.9999999999999987, 4.6227740989633e-08, -1.0485652081759201e-09], [0.7748070202904973, -4.604994572657798e-08, 0.6321978181776325, 0.014518309269534827], [0.0, 0.0, 0.0, 1.0]]], "tag1": ["plastic_glass.kinbody.xml", [[-0.9999956354637936, 0.00017159596380951532, 0.0029495098217266393, -0.0012885475890698178], [0.0029529310436017175, 0.09054915097111371, 0.995887609851966, -0.14461510086945228], [-9.618531587980501e-05, 0.9958919729635517, -0.0905492624771141, -0.03364494935585822], [0.0, 0.0, 0.0, 1.0]]], "tag2": ["rubbermaid_ice_guard_pitcher.kinbody.xml", [[0.03222657188582214, -0.9992538597713374, 0.021287832124770537, 0.014710012984236343], [-0.03877971419405384, 0.020032753904403674, 0.9990469571236545, -0.19735163223797153], [-0.9987279819007353, -0.03302139462666701, -0.03810519210546642, -0.061060489093476535], [0.0, 0.0, 0.0, 1.0]]], "tag3": ["pill_bottle.kinbody.xml", [[-0.9999098711512889, 0.00039317699858183155, 0.013419947319576526, -0.0010078007314727091], [0.013409565008275375, -0.019751878538746246, 0.999714982812841, 0.0012796018677710683], [0.000658134105832291, 0.9998048353083906, 0.01974482599215167, -0.04979510853061891], [0.0, 0.0, 0.0, 1.0]]], "tag144": ["plastic_plate.kinbody.xml", [[1.0, 0.0, 0.0, 0.0], [0.0, 1.0, 0.0, 0.0], [0.0, 0.0, 1.0, -0.00461190938949585], [0.0, 0.0, 0.0, 1.0]]], "tag0": ["plastic_glass.kinbody.xml", [[-0.9998449926213427, 0.00149849962238194, 0.01754266880804819, -0.002110636635647375], [0.017606291100612872, 0.09053676185205886, 0.995737472061298, -0.14459471400545504], [-9.614420224839607e-05, 0.9958919867396389, -0.09054911100649783, -0.03364495802681257], [0.0, 0.0, 0.0, 1.0]]], "tag150": ["large_white_box.kinbody.xml", [[-2.7711225462750727e-47, -5.264145273712602e-24, -1.0, 0.18443432903597862], [5.264145273712602e-24, 1.0, -5.264145273712602e-24, 6.971534751599949e-25], [1.0, -5.264145273712602e-24, 0.0, -0.0520000091656862], [0.0, 0.0, 0.0, 1.0]]]}
