{"tag124": ["plastic_glass.kinbody.xml", [[-0.006839399463250124, -0.09054787493933043, -0.9958686183221929, 0.14460904118031417], [-0.9999766064056965, 0.0005234907498268693, 0.006820014573417582, -0.0009759968580337269], [-9.620981694367947e-05, 0.9958919661797692, -0.09054933706143248, -0.033644917605727034], [0.0, 0.0, 0.0, 1.0]]], "tag127": ["table.kinbody.xml", [[1.0, 0.0, 0.0, -2.0489096641540527e-08], [0.0, 0.0, -1.0, -0.3483833968639374], [0.0, 1.0, 0.0, -0.7350000143051147], [0.0, 0.0, 0.0, 1.0]]], "tag113": ["wicker_tray.kinbody.xml", [[0.1991323400907672, -6.222439575833033e-10, -0.9799726073365393, 0.08772121985303549], [-1.1550376819251623e-08, 0.9999999999999999, -2.9820195999901684e-09, 0.0005852176144726779], [0.979972607336539, 1.1912869428424113e-08, 0.19913234009076708, 0.19972941869529995], [0.0, 0.0, 0.0, 1.0]]], "tag114": ["plastic_bowl.kinbody.xml", [[0.6321978181776339, 2.208945624637608e-08, -0.7748070202904971, 0.0777353728993308], [2.1714915189259767e-08, 0.9999999999999987, 4.6227740989633e-08, -1.0485652081759201e-09], [0.7748070202904973, -4.604994572657798e-08, 0.6321978181776325, 0.014518309269534827], [0.0, 0.0, 0.0, 1.0]]], "tag144": ["plastic_plate.kinbody.xml", [[1.0, 0.0, 0.0, 0.0], [0.0, 1.0, 0.0, 0.0], [0.0, 0.0, 1.0, -0.00461190938949585], [0.0, 0.0, 0.0, 1.0]]]}