{
  "plastic_glass": {
    "resource": "package://pr_assets/data/objects/plastic_glass.urdf",
    "name": "plastic_glass_124",
    "offset": [
      [-0.00684, -0.09055, -0.99587, 0.14461],
      [-0.99998, 0.00052,0.00682,-0.00098],
      [0.0,0.99589,-0.09055,-0.03364],
      [0.0, 0.0, 0.0, 1.0]
    ]
  },
  "plastic_glass_1": {
    "resource": "package://pr_assets/data/objects/plastic_glass.urdf",
    "name": "plastic_glass_1",
    "offset": [
      [-1.0,0.00017,0.00295,-0.00129],
      [0.00295,0.09055,0.99589,-0.14462],
      [0.0,0.99589,-0.09055,-0.03364],
      [0.0, 0.0, 0.0, 1.0]
    ]
  },
  "plastic_bowl": {
    "resource": "package://pr_assets/data/objects/plastic_bowl.urdf",
    "name": "plastic_bowl_114",
    "offset": [
      [0.63220,0.0,-0.77481,0.07774],
      [0.0,1.0,0.0,0.0],
      [0.77481,0.0,0.63220,0.01452],
      [0.0, 0.0, 0.0, 1.0]
    ]
  },
  "table": {
    "resource": "package://pr_assets/data/furniture/table.urdf",
    "name": "table_127",
    "offset": [
      [1.0,0.0,0.0,0.0],
      [0.0,1.0,0.0,-0.34838],
      [0.0,0.0,1.0,-0.73500],
      [0.0, 0.0, 0.0, 1.0]
    ]
  }
}
